[ 0  0  0  0]
[ 3  3  2  1]
[ 1  1  2  2]
[  1   4   3  11]
[ 2  1  1  2]
[ 0  0  0  0]
[ 0  0  0  0]
[ 1  5  1  8]
[ 2  9  1  2]
[ 0  0  0  0]
[ 1  1  2  5]
[ 1  4  2  1]
[ 2  1  7  1]
[ 1  1  1  3]
[ 0  0  0  0]
[ 0  0  0  0]
[ 1  2  1  3]
[ 1  7  1  3]
[ 0  0  0  0]
[ 3  2  1  2]
[ 2  2  2  9]
[ 0  0  0  0]
[ 2  1  1  2]
[ 0  0  0  0]
[ 5  4  1  2]
[ 0  0  0  0]
[ 1  1  7  2]
[ 1  2  2  2]
[ 0  0  0  0]
[ 1  1  1  1]
[ 1  1  1  3]
[  2   3   7  11]
[ 1  1  3  1]
[ 0  0  0  0]
[ 1  2  3  1]
[ 0  0  0  0]
[ 1  3  1  1]
[ 3  1  3  1]
[ 3  3  1  1]
[ 1  1  1  1]
[ 0  0  0  0]
[ 3  1  4  3]
[ 0  0  0  0]
[ 1  2  1  4]
[ 0  0  0  0]
[ 1  5  2  1]
[ 1  1  3  4]
[ 4  1  2  1]
[ 1  1  2  1]
[ 1  1  1  1]
[ 0  0  0  0]
[  2   4   5  15]
[  1   5   2  15]
[ 2  1  4  1]
[ 1  6  2  5]
[ 0  0  0  0]
[ 0  0  0  0]
[  5  15   3   2]
[ 7  2  1  1]
[ 0  0  0  0]
[ 2  2  1  2]
[ 1  1  1  1]
[ 1  1  1  1]
[ 1  2  1  2]
[ 0  0  0  0]
[ 0  0  0  0]
[ 1  1  2  2]
[ 1  1  9  1]
[ 0  0  0  0]
[ 2  1  7  3]
[ 3  1  5  7]
[ 0  0  0  0]
[ 1  1  1  1]
[ 0  0  0  0]
[ 1  2  1  5]
[ 0  0  0  0]
[ 1  1  2  1]
[  6   1  15   2]
[ 0  0  0  0]
[ 1  3  4  1]
[ 1  1  1  2]
[ 1  1  1  6]
[ 2  1  7  1]
[ 0  0  0  0]
[ 2  1  1  1]
[ 0  0  0  0]
[ 1  1  6  1]
[ 1  1  1  1]
[ 15   1   1   1]
[ 1  1  1  3]
[ 0  0  0  0]
[ 6  2  1  4]
[ 0  0  0  0]
[ 1  2  2  2]
[ 0  0  0  0]
[ 3  2  1  1]
[ 4  1  2  3]
[ 1  1  2  1]
[ 5  4  3  1]
[ 1  1  4  8]
